# Robin Hoffmann
# 5 trainingseinheiten - 1. Ausdauer
# Inputted by Niklas Seidl

t 80
.666 b
.666
.666
1 b
t 112
.5 b
.5
.5
t 80
1 b
t 192
1
t 80
1
t 112
1 b
1
1
.666
t 192
1 b
1
1
1
1
t 80
1 b
t 192
1
t 80
1
t 112
.5 b
.5
.5
.5
.5 
.5
.5
.5
.5
.5
.5 b
.5
t  109
.5
.5
t 106
.5
.5
t 103
.5
.5
t 101
.5
.5
t 98
.5
.5
t 96
.5
.5
t 112
.5 b
.5
.5
.5
.5
.75 b
.75
.75
.75
.75
.75
.75
.75
.75
.75
.75 b
.75
.75
.5 b
.5
.5
# zweite zeile
.666 b
.666
.666
.666 b
.666
.666
.666 b
.666
.666
.666 b
.666
1 b
t 192
1
t 112
1
.5 b
.5
.5
.5
.5
.5
.5
1 b
1
1
1
1
t 96
.5 b
.5
.5
.5
.5
.5
.5 b
.5
t 97
.5
.5
t 98
.5
.5
t 99
.5
.5
t 101
.5
.5
t 102
.5
.5
t 103
.5
.5
t 104
.5
.5
t 106
.5
.5
t 108
.5
.5
t 110
.5
.5
t 112
.5 b
.5
.5
.5
.5
.5
.5
.5
.5
.5
.5 b
1
.666
.666
1
.666