# Niklas Seidl
# ich mag müll
# Inputted by Niklas Seidl

# A

pickup 2

t 100
1 b
1
1
.66

1 b
1
1
.8

.75 b
.75
.75
.75
.5

1.5 b
1
1

1 b
1
1
.8

# B

t 180
1 b
1
1

1 b
1
1

1 b
.75
1

1.33 b
1
1

1 b
1
1

1.5 b
1

1.5 b
1
1

1 b
1
1

1 b
1
1

1.2 b 
1.2
1.2

1 b
1
1

1.5 b
1

1.5 b
1

1.2 b
1
1

1 b
1
1

1.2 b
.8
.8

1 b
1
1


# c

t 100
1 b
1
1
.8

1 b
1
1
1
1
1

1 b
1
1
.66

1 b
1
1
1

1 b
1
.5
1.25

1 b
.8
.75
.75
.75

.8 b
.8
.8
.8
.8
1

.8 b
.8

# D

t 110
1 b
1
1
.66

1 b
1
1
1

1 b
.75
.5
1
1

1 b
.8

# E

t 100
1 b
1
1
1

1 b
1
1
1

1 b
1
1
1

1 b
1
1
1

1 b
1
.8

1.5 b
.66

1 b
1
.66
1

1 b
1
1
.8

1 b
1
1
1

1.5 b

1 b
1
.66
.66
1

1 b
1
1
1

1 b
1
.66
.66
1

1 b
1
1

# F

t 140
1 b
1

1 b
1
1
1

1 b
1.5
.75
.75
.75

1 b
1
.8
.8

1 b
1
1
1.5

1 b
1.25
1
1

1 b
1
1
1
.8

1 b
1
1
1

# G

t 180
1 b
1
1

1 b
1
1

1 b
1
1

1 b
1
1
1

1 b
1.5

1 b
1
1.5

1 b
1
1

1 b
1
1

1 b
1.5

.75 b
.75
.75

1.5 b
1
1

1 b
1
.66

1 b
1
1

1 b
1
.66
.66

1 b
1
.8

# H

t 110
1 b
1
1
1

1 b
.66
.66
1.5

1 b
1
1
1.5

1 b
1
1.2
.5

1 b
1.33
1.5

.8 b
.8
.5
.66
1

1 b
1
1.5
.33

1 b
1
1
.5

# I

t 120
1 b
1.25
.8
1

1.125 b
1
1
1

.75 b
1
.375
1
.75
.5

1 b
.66
1.5

.5 b
.33

.5 b
.33

.5 b
.33

.5 b
.33

.5 b
.33

.5 b
.33

.5 b
.33

.33 b
.5

.5 b
.33

.5 b
.33

.5 b
.33

.5 b
.33

1 b
1.5

.33 b
.5

.5 b
.33

.5 b
.33

.5 b
.33

1 b
1.4

1 b
1
1
1

# J

t 100
1 b
1
1
1

.66 b
1
1
1

1 b
1
1
1

.8 b
1

.75 b
1
1

.5 b
1
1
1
1

1 b
1

# K

t 110
1 b
1
1
.8

1 b
1
1
1.5

1 b
.66
1
1

1 b
1
1
1.5

1 b
1
1
.66

1 b
.8
1.5
1

.8 b
1
1
1

1 b
.66
1
1


1 b
1
1
1

1 b
1
1
1
1

# L

t 140
1 b
1
1
1

1 b
1
1
1

1 b
1
1
1

1 b
1
.75
.5
1

1 b
1
1

1 b
1
1
1

1 b
1
1
1

1 b
1
1.5
1

1 b
1
1
1
1

1 b
1
1
1
1
 
1 b
1
1
1

1 b
1
.8
.8

1 b
1

1 b
1
1
.66

1 b
1
1
1.5

1.5 b
1
1
.8

1 b
1
1
1

1 b
1
1
1.5

1 b
1
1
1

1 b
1
1.5
.8

1 b
1
1
1

1 b
1
1
1

1 b
1
1
1
1

1 b
1
1
1

1 b
1
1
1
1

1 b
1
1
1
1

1 b
1
.8
.8

1 b
1
1
1

1 b
1
1
1
1

1 b
1
1
1

1 b
1.25
1
1

1 b
1
1
1

1 b
1
1
1

1 b
1
1
1

1 b
1
1
1

1 b
1
1
1

1 b
1
1
1

1 b
1
1
1

1 b
1
1

1 b
1
1
1

1 b
1
1
1

1 b
1
1
1

1 b
1
1
1

1 b
1
1
1

1 b
1
1
1

# M

t 70
1 b
1
1
1
1

1 b
1
1
1

1 b
1
1
1

1 b
1
1
1

1 b
1
1
1

1 b
1
1
1

1 b
1
1
1

1 b
1
1
1

1 b
1
1
1

1 b
1
1
1

1 b
1
1
1

1 b
1
1
1

1 b
1
1
1

1 b
1
1
1

1 b
1
1
1

1 b
1
1
1

1 b
1
1
1

1 b
1
1
1

1 b
1
1
1

1 b
1
1
1

1 b
1
1
1

1 b
1
1
1
 
# N

t 100
1 b
1
1
1

1 b
1
1
1

1 b
1
1
1

# O

t 55
1 b
1
1
1

1 b
1
1
1

1 b
1
1
1

1 b
1
1
1

# P

t 70
1 b
1
1
1

1 b
1
1
1

1 b
1
1
1

1 b
1
1
1

1 b
1
1
1

1 b
1
1
1

1 b
1
1
1

1 b
1
1
1

.66 b
1
1
.8

.8 b
1
1
1

1 b
1
1
1

1 b
1
1
1

1 b
1
1
1

# Q

t 180
1 b
1
1

1 b
1
1

1 b
1
1

1 b
1
1
1

1 b
1.5

1 b
1
1.5

1 b
1
1

1 b
1
1

1 b
1.5

.75 b
.75
.75

1.5 b
1
1

1 b
1
.66

1 b
1
1

1 b
1
.66
.66

1 b
1
.8

# R

t 110
1 b
1
1
1

.75 b
.66
1.25

1 b
1
1
.66

1 b
1
.66
1

1 b
.8
1.5
1

1.5 b
1
.66

1 b
1
.8
1
.5

1 b
1.5
.8

1 b
1.5

1 b
1
1
.66
.66

1 b
1
1.25

1.5 b
 
# S

t 100
1 b
1
1
1

1 b
1
1
1.33

1 b
1.4
1
1

1 b
.66
1.25
1

.66 b
.66
1
1.25
1
.66 

1 b
1
1
1

# T

t 180
1 b
1
1

.75 b
1
1

1 b
.75
.75

1.125 b
1
.875

1 b
1
1

1.5 b
1
1

.75 b
.75
.75
 
1 b
.66
1

1 b
1
1

1 b
1
1.5

.8 b
.8
1

# U

t 150
1 b
1
1
1.5

1 b
.66
1
1

1 b
1
.8
.8

1 b
1
1.2
.5

1 b
1
1
.66

1 b
.66
1
1

1 b
1
.8
.8

1 b
.66
1
1

1 b
1
.8
.8

1 b
1.2
1.5

.66 b
1
1
1
1

# V

t 180
1 b
1
1

1 b
1
1

1 b
1
1

1 b
1
1

1 b
1
1

1 b
1
1

1 b
1
1

1 b
.66

1 b
1
1

1 b
1
1

1 b
1
1

1 b
1
1

1 b
1
1

1 b
1
1

1 b
1
1

1 b
1
1

1 b
1
1

1 b
1.5
.66 

.8 b
.8
1 

1.5 b
.66

1 b
1
1
.66

.8 b
.8
1

1 b
1
1.2

.66 b
.66
1

1 b
1
.66

1 b
1
1.5

1 b
1
1

1 b
1
1
1

1 b
1
.8

1.5 b
1

1 b
1
1.5

# W

t 210
1 b
1
1

1 b
1
1

1 b
1
1

1 b
.66
1

1 b
