# Karlheinz Stockhausen
# Ypsilon
# Input by João Pais

# 1
t 95 48
0.5 b
0.5
t 63.5 32
0.5
0.5
0.5
0.5
0.5
0.5
0.5
0.5
t 67 32
0.5 b
0.5
0.5
0.5
t 56.5 32
0.5
0.5 b
0.5
0.5
0.5
0.5

# 2
t 67 32
0.5 b
0.5
0.5
0.5
0.5
0.5
0.5
0.5
0.5
0.5

# 3
0.25 b
t 53.5 32
0.25
0.5
0.25
0.5
0.5
0.5
0.5
0.5
t 50.5 32
0.5
0.25
0.5

# 4
t 63.5 32
0.5 b
0.5
0.5
0.5
0.5
t 90 32
0.5
0.5
0.5
0.5
0.5
t 63.5 32
0.5
t 47.5 32
0.5
0.5
0.5
0.5
t 63.5 32
0.5
0.5
0.5

# 5
0.5 b
t 71 32
0.5
0.5
0.5
0.5
0.5
0.5
0.5
0.5
0.5
0.5
0.5
0.5
0.5
0.5
0.5
0.5
t 60 32
0.5
0.5
0.5
0.5
t 90 48
0.5
t 60 32
0.5

# 6
t 75.5 32
0.5 b
0.5
0.5
0.5
t 60 24
0.5
0.5
0.5
t 100 40
0.5
0.5
0.5
t 60 24
0.5
t 80 32
0.5
t 85 32
0.5
0.5
0.5
0.5
0.5
0.5
0.5

# 7
t 67 32
0.5 b
0.5
t 101 48
0.5
0.5
t 67 32
0.5
0.5
t 101 48
0.5
0.5
0.5
0.5
t 67 32
0.5
0.5
t 71 32
0.5
0.5
0.5
0.5
t 63.5 32
0.5
t 47.5 24
0.5
# rit missing
0.5
t 47.5 24
# rit missing
0.5
0.5
0.5
0.5
0.5